
#include "array_io.h"
 
int main () {

	// Create input data
//  din_t d_i[N] = {1, 0, 0, 1, 0};//, 70, 80,
									//11, 21, 31, 41, 51, 61, 71, 81,
								//	12, 22, 32, 42, 52, 62, 72, 82,
								//	13, 23, 33, 43, 53, 63, 73, 83

 // dout_t d_o[N];
	int i ;



	// Call the function to operate on the data
//	array_io(d_o,d_i);

	// Save the results to a file


	//for (i=0;i<N;i++) {
  //  fprintf(stdout,"%f   %f\n", d_i[i], d_o[i]);
	//}
	//in u[N] = {1,0,1,1,1};
	in u[N] = {1,1,0,1,0,0,0,1,1,0,0,1,0,1,1,0,0,1,1,1,0,1,0,1,1,0,0,1,0,0,1,0,1,1,1,1,1,0,1,0,1,1,1,0,0,1,1,1,1,0,0,0,0,0,0,1,0,0,0,0,0,1,0,0,0,0,1,1,0,1,0,1,1,1,0,1,0,0,1,1,0,1,1,0,1,0,0,0,1,0,0,1,0,1,1,1,1,0,0,1,1,0,1,1,1,1,1,1,0,0,1,0,1,0,1,0,0,1,0,1,1,0,0,1,0,0,0,0,0,1,0,0,0,1,0,1,0,0,0,1,1,0,1,1,1,1,1,0,0,0,0,1,0,0,0,1,0,0,1,1,0,0,0,1,0,1,0,1,1,0,1,0,1,1,0,0,1,1,0,0,1,0,1,1,0,1,1,1,0,0,1,1,1,1,0,1,1,1,1,0,1,0,1,1,1,1,1,1,0,0,0,0,0,0,0,1,1,0,0,1,0,0,1,1,0,1,1,0,0,1,0,0,0,1,1,0,0,1,0,1,0,0,0,0,0,0,1,0,1,1,1,1,0,0,1,1};
	in cw[M];
	array_io(u,cw);
	for (i=0;i<M;i++) {
	    printf("%d  \n", cw[i]);
		}


}
